https://ca.investing.com/currencies/cad-usd-historical-data
https://www.macrotrends.net/1333/historical-gold-prices-100-year-chart

From Dec 20 back to Nov 18 

+ CAD/USD 
Dec 20, 2019	0.7606		0.7618	0.7622	0.7586	-0.16%
Dec 19, 2019	0.7618		0.7626	0.7630	0.7611	-0.09%
Dec 18, 2019	0.7625		0.7599	0.7633	0.7589	0.34%
Dec 17, 2019	0.7599		0.7602	0.7608	0.7584	-0.05%
Dec 16, 2019	0.7603		0.7592	0.7627	0.7584	0.12%
Dec 13, 2019	0.7594		0.7584	0.7605	0.7572	0.12%
Dec 12, 2019	0.7585		0.7591	0.7599	0.7578	-0.08%
Dec 11, 2019	0.7591		0.7558	0.7599	0.7553	0.41%
Dec 10, 2019	0.7560		0.7554	0.7563	0.7547	0.09%
Dec 09, 2019	0.7553		0.7544	0.7564	0.7539	0.13%
Dec 06, 2019	0.7543		0.7592	0.7593	0.7536	-0.62%
Dec 05, 2019	0.7590		0.7575	0.7601	0.7573	0.20%
Dec 04, 2019	0.7575		0.7521	0.7581	0.7519	0.72%
Dec 03, 2019	0.7521		0.7515	0.7529	0.7506	0.07%
Dec 02, 2019	0.7516		0.7531	0.7536	0.7512	-0.21%
Nov 29, 2019	0.7532		0.7529	0.7536	0.7510	0.01%
Nov 28, 2019	0.7531		0.7529	0.7533	0.7519	0.01%
Nov 27, 2019	0.7530		0.7534	0.7541	0.7523	-0.07%
Nov 26, 2019	0.7535		0.7519	0.7537	0.7509	0.21%
Nov 25, 2019	0.7519		0.7519	0.7528	0.7507	0.01%
Nov 22, 2019	0.7518		0.7526	0.7545	0.7517	-0.12%
Nov 21, 2019	0.7527		0.7517	0.7536	0.7503	0.13%
Nov 20, 2019	0.7517		0.7536	0.7540	0.7501	-0.27%
Nov 19, 2019	0.7537		0.7573	0.7583	0.7533	-0.46%
Nov 18, 2019	0.7572		0.7561	0.7576	0.7553	0.13%

+ TSX
Date		Unadj. Open	Unadj. High	Unadj. Low	Unadj. Close	Volume	% Chg	$ Chg	TRIV
2019-12-20	17,078.70	17,166.02	17,078.70	17,118.44	465.80m	0.32%	54.40	60,572.75
2019-12-19	17,036.72	17,078.96	17,015.36	17,064.04	207.78m	0.19%	32.06	60,377.91
2019-12-18	17,047.04	17,051.74	17,004.51	17,031.98	248.87m	-0.25%	-43.22	60,264.04
2019-12-17	17,065.69	17,088.01	17,032.26	17,075.20	206.81m	0.11%	18.84	60,416.98
2019-12-16	17,043.78	17,095.46	17,036.12	17,056.36	205.04m	0.31%	53.23	60,350.32
2019-12-13	16,956.14	17,036.79	16,929.98	17,003.13	296.51m	0.33%	56.23	60,155.54
2019-12-12	16,951.60	17,031.88	16,946.22	16,946.90	242.57m	0.04%	7.29	59,933.73
2019-12-11	16,968.23	17,006.01	16,915.19	16,939.61	191.72m	-0.07%	-11.09	59,898.87
2019-12-10	16,947.14	16,967.49	16,906.60	16,950.70	187.21m	0.00%	-0.15	59,938.08
2019-12-09	16,986.71	17,003.38	16,934.65	16,950.85	194.56m	-0.27%	-46.12	59,912.30
2019-12-06	16,937.43	17,023.28	16,930.03	16,996.97	183.34m	0.84%	142.05	60,071.96
2019-12-05	16,886.78	16,886.78	16,816.97	16,854.92	227.23m	-0.25%	-42.42	59,559.73
2019-12-04	16,909.34	16,957.88	16,893.41	16,897.34	206.24m	0.03%	5.16	59,708.73
2019-12-03	16,900.34	16,908.48	16,853.15	16,892.18	220.60m	-0.53%	-89.29	59,686.84
2019-12-02	17,060.92	17,060.92	16,930.40	16,981.47	198.66m	-0.34%	-58.73	60,000.97
2019-11-29	17,099.15	17,117.17	17,040.20	17,040.20	155.88m	-0.43%	-74.32	60,186.91
2019-11-28	17,086.76	17,120.90	17,077.78	17,114.52	63.77m	0.08%	13.95	60,447.97
2019-11-27	17,046.59	17,104.30	17,023.27	17,100.57	176.17m	0.38%	64.69	60,369.75
2019-11-26	17,016.88	17,048.22	16,975.65	17,035.88	328.52m	0.02%	3.02	60,141.36
2019-11-25	16,980.58	17,048.47	16,972.74	17,032.86	218.63m	0.46%	78.02	60,117.99
2019-11-22	17,012.54	17,012.54	16,935.72	16,954.84	199.58m	-0.26%	-44.35	59,841.73
2019-11-21	17,019.53	17,019.53	16,950.79	16,999.19	236.46m	-0.04%	-6.63	59,995.14
2019-11-20	16,992.14	17,040.60	16,962.61	17,005.82	238.35m	-0.03%	-5.58	60,009.35
2019-11-19	17,033.91	17,033.91	16,963.91	17,011.40	224.99m	-0.08%	-13.71	60,025.76
2019-11-18	17,003.84	17,025.11	16,994.47	17,025.11	206.18m	-0.02%	-3.36	60,074.15

+ Gold 
1944.30
1941.30
1935.40
1942.70
1942.35
1943.25
1937.80
1942.80
1937.40
1934.30
1935.70
1909.20
1947.95
1964.50
1946.30
1943.90
1949.00
1932.05
1939.40
1935.10
1945.10
1945.40
1957.40
1953.50
1943.20